25 73 41 30 58 64 98 13 87 91 17 76 28 45 56

25
25 = 0

25 73
74 = 0

25 41 73
41 = 1

25 30 41 73 
30 = 2

25 30 41 58 73  
58 = 1

25 30 41 58 64 73 
64 = 1

25 30 41 58 64 73 98
98 = 0

13 25 30 41 58 64 73 98
13 = 7

13 25 30 41 58 64 73 87 98 
87 = 1

13 25 30 41 58 64 73 87 91 98 
91 = 1

13 17 25 30 41 58 64 73 87 91 98 
17 = 9 

13 17 25 30 41 58 64 73 76 87 91 98 
76 = 3

13 17 25 28 30 41 58 64 73 76 87 91 98 
28 = 9

13 17 25 28 30 41 45 58 64 73 76 87 91 98 
45 = 7

13 17 25 28 30 41 45 56 58 64 73 76 87 91 98 
56 = 7

Total Swap Insertion Sort = 0+0+1+2+1+1+0+7+1+1+9+3+9+7+7 = 49




















































25
25 = 0

25 73
73 = 0

25 41 73 
41 = 1

25 30 41 73
30 = 2

25 30 41 58 73
58 = 1

25 30 41 58 64 73
64 = 1

25 30 41 58 64 73 98
98 = 0

13 25 30 41 58 64 73 98
13 = 7

13 25 30 41 58 64 73 87 98
87 = 1

13 25 30 41 58 64 73 87 91 98
91 = 1

13 17 25 30 41 58 64 73 87 91 98
17 = 9

13 17 25 30 41 58 64 73 76 87 91 98
76 = 3

13 17 25 30 41 58 64 73 76 87 91 98
28 = 9

13 17 25 30 41 58 64 73 76 87 91 98
45 = 7

13 17 25 30 41 58 64 73 76 87 91 98
56 = 7

Sum(Swap) = 1+2+1+1+0+7+1+1+9+3+9+7+7 = 49